1.00000000e+00
2.00000000e+00
3.00000000e+00
4.00000000e+00
5.00000000e+00
6.00000000e+00
7.00000000e+00
8.00000000e+00
9.00000000e+00
1.00000000e+01
1.10000000e+01
1.20000000e+01
1.30000000e+01
1.40000000e+01
1.50000000e+01
1.60000000e+01
1.70000000e+01
1.80000000e+01
1.90000000e+01
2.00000000e+01
2.10000000e+01
2.30000000e+01
2.50000000e+01
2.70000000e+01
2.90000000e+01
3.10000000e+01
3.30000000e+01
3.50000000e+01
3.70000000e+01
3.90000000e+01
4.10000000e+01
4.30000000e+01
4.50000000e+01
4.70000000e+01
4.90000000e+01
5.10000000e+01
5.30000000e+01
5.50000000e+01
5.70000000e+01
5.90000000e+01
6.10000000e+01
6.40000000e+01
6.70000000e+01
7.00000000e+01
7.30000000e+01
7.60000000e+01
7.90000000e+01
8.20000000e+01
8.50000000e+01
8.80000000e+01
9.10000000e+01
9.40000000e+01
9.70000000e+01
1.00000000e+02
1.03000000e+02
1.06000000e+02
1.09000000e+02
1.12000000e+02
1.15000000e+02
1.18000000e+02
1.21000000e+02
1.24000000e+02
1.27000000e+02
1.30000000e+02
1.33000000e+02
1.36000000e+02
1.39000000e+02
1.42000000e+02
1.45000000e+02
1.48000000e+02
1.51000000e+02
1.54000000e+02
1.57000000e+02
1.60000000e+02
