5.00000000e-01
6.00000000e-01
7.00000000e-01
8.00000000e-01
9.00000000e-01
1.00000000e+00
2.00000000e+00
3.00000000e+00
4.00000000e+00
5.00000000e+00
6.00000000e+00
7.00000000e+00
8.00000000e+00
9.00000000e+00
1.00000000e+01
1.10000000e+01
1.20000000e+01
1.30000000e+01
1.40000000e+01
2.40000000e+01
3.40000000e+01
4.40000000e+01
5.40000000e+01
6.40000000e+01
7.40000000e+01
8.40000000e+01
9.40000000e+01
1.04000000e+02
1.14000000e+02
1.24000000e+02
1.34000000e+02
1.44000000e+02
1.54000000e+02
1.64000000e+02
1.74000000e+02
1.84000000e+02
1.94000000e+02
2.04000000e+02
2.14000000e+02
2.24000000e+02
2.34000000e+02
2.44000000e+02
